P;2255196951
127856;1;2.99
P;6751748793
123156;1;1.89
P;8399558985
124567;2;4.39
P;2883908729
127856;1;2.99
P;0938144989
112309;2;1.34
P;6094193665
124567;3;4.39
P;6094193665
125609;3;2.56
P;8057375080
124567;3;4.39
P;8057375080
125609;3;2.56
P;8057375080
112234;1;2.56
P;8826128570
127856;4;2.99
P;9452986622
127856;4;2.99
P;9452986622
123156;2;1.89
P;4703225493
124567;3;4.39
P;4196602729
124567;3;4.39
P;4196602729
128976;2;1.34
P;6513061512
124567;3;4.39
P;6513061512
128976;2;1.34
P;6513061512
117689;2;1.89
